[[ 0.99565748 -0.03646437  0.08565357]
 [ 0.0402283   0.99828044 -0.04263621]
 [-0.08395158  0.04589676  0.99541229]]
[[ 0.98329246 -0.0703572   0.16788627]
 [ 0.08309074  0.99407623 -0.0700598 ]
 [-0.16196254  0.08283906  0.9833137 ]]
[[ 0.96388329 -0.10229316  0.24589654]
 [ 0.12549567  0.98881642 -0.0805787 ]
 [-0.23490388  0.10852742  0.96594097]]
[[ 0.93938276 -0.13223179  0.31634597]
 [ 0.16065884  0.98484006 -0.06541251]
 [-0.30290057  0.11227116  0.94638598]]
[[ 0.97383892 -0.10971407  0.19899893]
 [ 0.12833894  0.98823354 -0.08320813]
 [-0.18752832  0.10657062  0.97646087]]
[[ 0.95127073 -0.13930343  0.27509734]
 [ 0.16425999  0.98394787 -0.06975133]
 [-0.26096484  0.11153988  0.95888279]]
[[ 0.927472   -0.16569654  0.3351721 ]
 [ 0.18609368  0.98209083 -0.02944047]
 [-0.32429127  0.08967863  0.94169683]]
[[ 0.96167218 -0.1504358   0.22925028]
 [ 0.17410439  0.98090615 -0.08666485]
 [-0.21183552  0.12325665  0.96950168]]
[[ 0.93902792 -0.17578526  0.29550992]
 [ 0.1979846   0.97909156 -0.04670978]
 [-0.28112037  0.1023682   0.95419709]]
[[ 0.96507397 -0.16678769  0.20202499]
 [ 0.192525    0.97451184 -0.11515552]
 [-0.17766922  0.15002846  0.97258681]]
[[ 0.9465569  -0.1869941   0.26279886]
 [ 0.20926357  0.97606475 -0.05921461]
 [-0.24543592  0.11104423  0.96303187]]
[[ 0.91962499 -0.215058    0.32869429]
 [ 0.23787793  0.97082079 -0.0303495 ]
 [-0.31257634  0.10609927  0.94394861]]
[[ 0.95633783 -0.19705127  0.21584427]
 [ 0.21673883  0.97361064 -0.07146044]
 [-0.1960669   0.11512216  0.97380935]]
[[ 0.93152778 -0.22419954  0.28633994]
 [ 0.24585998  0.96841287 -0.04158579]
 [-0.26797177  0.10913785  0.95722519]]
[[ 0.90096541 -0.25375546  0.35195097]
 [ 0.27956759  0.95983514 -0.02363204]
 [-0.33181815  0.11968573  0.93572007]]
[[ 0.94323574 -0.23441226  0.23528117]
 [ 0.2526746   0.96624345 -0.05029048]
 [-0.21555019  0.10688535  0.97062538]]
[[ 0.915176   -0.26298947  0.30543319]
 [ 0.2846674   0.95822052 -0.02789111]
 [-0.28533728  0.11247215  0.95180494]]
[[ 0.95128622 -0.24184241  0.19122442]
 [ 0.2555268   0.96550323 -0.05009554]
 [-0.17251257  0.09651816  0.98026714]]
[[ 0.92467922 -0.27137948  0.26706088]
 [ 0.29098937  0.95604791 -0.03602187]
 [-0.2455474   0.11102055  0.96300618]]
[[ 0.89587389 -0.29795351  0.32959622]
 [ 0.31617576  0.94869897 -0.00177618]
 [-0.31215838  0.10580158  0.94412032]]
[[ 0.9333794  -0.28271407  0.22107839]
 [ 0.30079791  0.95225786 -0.05220719]
 [-0.19576393  0.11522903  0.97385767]]
[[ 0.90652342 -0.30823879  0.28845127]
 [ 0.32656449  0.94503189 -0.01644256]
 [-0.26752741  0.10910351  0.95735339]]
[[ 0.87515169 -0.33512727  0.34899748]
 [ 0.35216624  0.93580879  0.01551922]
 [-0.33179582  0.10932346  0.93699515]]
[[ 0.91676781 -0.31995679  0.23909085]
 [ 0.33708     0.94088392 -0.03338438]
 [-0.21427518  0.11119847  0.97042313]]
[[ 0.88761661 -0.34562068  0.30443898]
 [ 0.36244374  0.93200468  0.00134346]
 [-0.28420288  0.10914953  0.95253089]]
[[ 0.92318606 -0.33029473  0.19655253]
 [ 0.34518565  0.93740407 -0.04604852]
 [-0.16903956  0.11035847  0.97941137]]
[[ 0.89557851 -0.35569129  0.2672505 ]
 [ 0.3722694   0.92804259 -0.01234725]
 [-0.24362804  0.11054712  0.96354798]]
[[ 0.86490963 -0.38050335  0.32733551]
 [ 0.39427748  0.91862238  0.02604212]
 [-0.31060684  0.10653694  0.94454924]]
[[ 0.90290745 -0.36769008  0.22262556]
 [ 0.38354321  0.92299869 -0.03111308]
 [-0.19404313  0.11347876  0.97440743]]
[[ 0.87413777 -0.39154934  0.28735393]
 [ 0.40630687  0.91369231  0.00900437]
 [-0.26607873  0.10888282  0.95778215]]
[[ 0.84096178 -0.41639715  0.34553827]
 [ 0.42833519  0.90249394  0.04509598]
 [-0.33062404  0.11008221  0.93732047]]
[[ 0.88292865 -0.40388853  0.23939727]
 [ 0.41852156  0.90813477 -0.01144315]
 [-0.21278323  0.1102964   0.97085426]]
[[ 0.85211057 -0.42761985  0.30174301]
 [ 0.44045244  0.89734344  0.02786374]
 [-0.2826822   0.10916046  0.95298204]]
[[ 0.88809585 -0.41485382  0.19794459]
 [ 0.42800694  0.90337216 -0.02699643]
 [-0.16761806  0.10869708  0.97984138]]
[[ 0.85856968 -0.43835064  0.26590756]
 [ 0.45189417  0.89199898  0.01137873]
 [-0.24217714  0.11039264  0.96393138]]
[[ 0.82667532 -0.46097844  0.32265585]
 [ 0.47024596  0.88089864  0.05372459]
 [-0.30899298  0.10731482  0.94499041]]
[[ 0.86426437 -0.451035    0.22274318]
 [ 0.46480988  0.88534512 -0.01076117]
 [-0.19235093  0.11283373  0.97481776]]
[[ 0.83420851 -0.47270247  0.28398686]
 [ 0.48398365  0.87442399  0.03380122]
 [-0.26430285  0.10924773  0.95823219]]
[[ 0.80067975 -0.49479142  0.33777713]
 [ 0.50077453  0.8622359   0.07598768]
 [-0.32884162  0.10830839  0.93815376]]
[[ 0.84095473 -0.48575087  0.23841397]
 [ 0.49823776  0.86699366  0.00900755]
 [-0.21107883  0.1112119   0.97112185]]
[[ 0.80958441 -0.50666115  0.29642463]
 [ 0.51529171  0.85527826  0.05453034]
 [-0.28115395  0.10859825  0.95349823]]
[[ 0.84379761 -0.49799046  0.20002775]
 [ 0.51034823  0.85988293 -0.01208394]
 [-0.16598277  0.11228021  0.97971571]]
[[ 0.81405625 -0.51814589  0.26236856]
 [ 0.52855865  0.84817219  0.03506695]
 [-0.24070351  0.1101307   0.96433036]]
[[ 0.78156626 -0.53816287  0.31549154]
 [ 0.54272344  0.83595082  0.08147085]
 [-0.30758     0.10754979  0.94542455]]
[[ 0.81797379 -0.53107032  0.22109546]
 [ 0.54268553  0.83988055  0.00964784]
 [-0.19081746  0.11209363  0.97520445]]
[[ 0.78712153 -0.55021494  0.27875296]
 [ 0.55795923  0.82780803  0.05844109]
 [-0.2629091   0.10953255  0.95858303]]
[[ 0.75393346 -0.56928622  0.32786817]
 [ 0.56952043  0.81514659  0.10574741]
 [-0.32746117  0.10700111  0.93878642]]
[[ 0.79163884 -0.56361367  0.23589738]
 [ 0.57384677  0.81842547  0.02965863]
 [-0.20978044  0.11189003  0.97132528]]
[[ 0.76028603 -0.58159646  0.28932804]
 [ 0.58614794  0.80620958  0.08035359]
 [-0.2799924   0.10849733  0.95385145]]
[[ 0.79165119 -0.57686626  0.2012802 ]
 [ 0.58830327  0.80863198  0.00368402]
 [-0.1648868   0.11549734  0.97952678]]
[[ 0.76249215 -0.59356927  0.25745143]
 [ 0.60092656  0.79718314  0.05819206]
 [-0.23977696  0.11033841  0.96453742]]
[[ 0.73027829 -0.61070304  0.30616242]
 [ 0.61045489  0.78453916  0.10882621]
 [-0.3066569   0.10742493  0.94573856]]
[[ 0.76427001 -0.60668825  0.21867949]
 [ 0.61638569  0.7869129   0.02892685]
 [-0.18963129  0.11268298  0.97536789]]
[[ 0.73390571 -0.62277938  0.27116093]
 [ 0.62686147  0.77472824  0.08270941]
 [-0.26158574  0.10927943  0.95897388]]
[[ 0.70076742 -0.63918056  0.31681736]
 [ 0.63454723  0.76142125  0.13261784]
 [-0.32599821  0.10810132  0.93916946]]
[[ 0.73654049 -0.63597019  0.23032592]
 [ 0.64361092  0.76368402  0.05051435]
 [-0.20802184  0.11103441  0.97180156]]
[[ 0.70533927 -0.6512529   0.27993959]
 [ 0.65196191  0.7510187   0.10448245]
 [-0.27828436  0.10881438  0.95431507]]
[[ 0.7350333  -0.64865511  0.1974148 ]
 [ 0.65808108  0.75260646  0.02264531]
 [-0.16326465  0.11326989  0.98005846]]
[[ 0.70585289 -0.66291733  0.24962434]
 [ 0.66714152  0.74058984  0.08030497]
 [-0.2381048   0.10985126  0.96500715]]
[[ 0.67375348 -0.67742088  0.29522398]
 [ 0.67291798  0.72753642  0.13368676]
 [-0.3053484   0.1085896   0.94602889]]
[[ 0.70578966 -0.67558642  0.21317583]
 [ 0.68292399  0.72885691  0.04881012]
 [-0.18835013  0.11113321  0.97579385]]
[[ 0.67563162 -0.68914154  0.26192718]
 [ 0.68984849  0.71628048  0.10512534]
 [-0.26005956  0.10966406  0.95934499]]
[[ 0.64487425 -0.70223312  0.30167176]
 [ 0.6921551   0.70398515  0.15914212]
 [-0.3241273   0.10617699  0.94003614]]
[[ 0.67588888 -0.70208478  0.22416775]
 [ 0.70775704  0.70314898  0.06827516]
 [-0.20555828  0.11250988  0.97215602]]
[[ 0.64682937 -0.71412592  0.2676489 ]
 [ 0.71113424  0.69156531  0.12659195]
 [-0.27549928  0.1084509   0.95516415]]
[[ 0.67059858 -0.71531777  0.19651469]
 [ 0.72425492  0.68863546  0.03515699]
 [-0.1604754   0.1187505   0.97987038]]
[[ 0.64466854 -0.72578939  0.24006715]
 [ 0.72735541  0.6789976   0.09958091]
 [-0.23527979  0.11041746  0.96563523]]
[[ 0.61486645 -0.73721182  0.28010353]
 [ 0.72825142  0.66706907  0.15706279]
 [-0.30263695  0.10741315  0.94703395]]
[[ 0.64188121 -0.73820773  0.20745565]
 [ 0.74386092  0.66513956  0.06527092]
 [-0.18617046  0.11242198  0.97606448]]
[[ 0.61401823 -0.74860704  0.25013818]
 [ 0.74571148  0.65406251  0.12695126]
 [-0.25864261  0.10858053  0.95985117]]
[[ 0.58180365 -0.75981638  0.29014406]
 [ 0.7462696   0.64055627  0.18102308]
 [-0.3233979   0.1112058   0.93970584]]
[[ 0.61310945 -0.76044776  0.21404673]
 [ 0.76274847  0.64036706  0.09024854]
 [-0.20569777  0.10793158  0.97264546]]
[[ 0.58300631 -0.77077316  0.25692876]
 [ 0.76429657  0.62756465  0.148369  ]
 [-0.27559825  0.10986971  0.95497343]]
[[ 0.61424158 -0.76924067  0.17600021]
 [ 0.77239637  0.63175228  0.06552032]
 [-0.16158943  0.09569661  0.98220722]]
[[ 0.58153188 -0.78059091  0.2291255 ]
 [ 0.77884136  0.6155617   0.12037413]
 [-0.23500383  0.10845102  0.96592524]]
[[ 0.55139675 -0.79002798  0.26798772]
 [ 0.77778725  0.60299927  0.1773101 ]
 [-0.30167634  0.11066922  0.94696553]]
[[ 0.5790287  -0.79144526  0.19580645]
 [ 0.79407733  0.60189468  0.08464034]
 [-0.18484306  0.10647627  0.97698303]]
[[ 0.55001839 -0.80033202  0.23863871]
 [ 0.79466041  0.58942537  0.14523279]
 [-0.25689416  0.10975603  0.96018696]]
[[ 0.52445171 -0.80796418  0.26859688]
 [ 0.78840399  0.57994841  0.20513164]
 [-0.32151135  0.10418121  0.94115712]]
[[ 0.54540453 -0.81180865  0.20856798]
 [ 0.81304995  0.5728827   0.10370723]
 [-0.20367542  0.11301379  0.97249381]]
[[ 0.52115213 -0.81862115  0.2413708 ]
 [ 0.80828364  0.56421084  0.16835585]
 [-0.27400368  0.10735705  0.95571776]]
[[ 0.52650368 -0.82586723  0.20183456]
 [ 0.83449588  0.54740093  0.0629988 ]
 [-0.16251307  0.13526101  0.97739141]]
[[ 0.51289722 -0.82968072  0.22037773]
 [ 0.8256718   0.54704226  0.13787985]
 [-0.23495219  0.11124149  0.96562042]]
[[ 0.48927141 -0.83581768  0.24904277]
 [ 0.81829549  0.53872877  0.20040911]
 [-0.30167198  0.10573613  0.94753042]]
[[ 0.50550485 -0.84054787  0.19479254]
 [ 0.8428324   0.52936046  0.09701057]
 [-0.1846575   0.11513815  0.97603525]]
[[ 0.48390558 -0.84578822  0.22467237]
 [ 0.83667141  0.52240112  0.16455404]
 [-0.25654697  0.10834833  0.96043964]]
[[ 0.45482242 -0.85230388  0.2582918 ]
 [ 0.83083021  0.51051318  0.22157946]
 [-0.3207144   0.11381733  0.94031265]]
[[ 0.48008766 -0.85566025  0.19329091]
 [ 0.85337635  0.50658431  0.12296802]
 [-0.20313699  0.10591446  0.9734051 ]]
[[ 0.45314549 -0.86147281  0.22918065]
 [ 0.84862275  0.49559933  0.18498845]
 [-0.2729443   0.11066123  0.95564402]]
[[ 0.48788361 -0.86034646  0.14755866]
 [ 0.85704401  0.50420481  0.1060805 ]
 [-0.16566577  0.07470933  0.98334804]]
[[ 0.45017856 -0.86906521  0.20509735]
 [ 0.86148755  0.48313341  0.15627319]
 [-0.23490097  0.10633797  0.96618516]]
[[ 0.42194583 -0.87443556  0.23942464]
 [ 0.85511076  0.47159185  0.21537575]
 [-0.30124292  0.11385769  0.94672548]]
[[ 0.44576234 -0.87779957  0.1753963 ]
 [ 0.87572681  0.46823348  0.11772836]
 [-0.18546833  0.10112037  0.97743346]]
[[ 0.41830016 -0.88282371  0.21365224]
 [ 0.87127316  0.45646906  0.18033045]
 [-0.25672564  0.11071721  0.96012168]]
[[ 0.40104044 -0.88621271  0.23193448]
 [ 0.85796358  0.45209861  0.24393716]
 [-0.32103747  0.10116267  0.94164805]]
[[ 0.40895331 -0.8921861   0.19173199]
 [ 0.88958446  0.43660517  0.13422152]
 [-0.20346176  0.11567146  0.97222602]]
[[ 0.39248029 -0.89497462  0.21208408]
 [ 0.87823475  0.43316462  0.20266261]
 [-0.27324521  0.10671852  0.95600639]]
[[ 0.37210491 -0.90347236  0.21278073]
 [ 0.91211398  0.39840375  0.09655334]
 [-0.17200592  0.15815231  0.97231775]]
[[ 0.37806088 -0.90433884  0.198094  ]
 [ 0.89499024  0.41174764  0.17162856]
 [-0.2367751   0.11240615  0.96504011]]
[[ 0.36258922 -0.90679701  0.21505402]
 [ 0.88123697  0.40868835  0.2374768 ]
 [-0.30323333  0.10340703  0.94728905]]
[[ 0.36579437 -0.91298246  0.1807139 ]
 [ 0.91177291  0.39049223  0.1272241 ]
 [-0.18672074  0.11823218  0.97527253]]
[[ 0.35248401 -0.91480873  0.19718013]
 [ 0.89949571  0.38932964  0.19831764]
 [-0.25819078  0.10745888  0.96009901]]
[[ 0.3238492  -0.91787959  0.22938778]
 [ 0.89004134  0.37779124  0.2551474 ]
 [-0.32085528  0.12153532  0.93929817]]
[[ 0.34770397 -0.9222872   0.16878467]
 [ 0.9148271   0.37315298  0.15442875]
 [-0.20541016  0.1007133   0.9734801 ]]
[[ 0.32188201 -0.92491074  0.20231682]
 [ 0.90625799  0.36283613  0.21690183]
 [-0.27402268  0.11353443  0.95499817]]
[[ 0.36284093 -0.92433566  0.11811035]
 [ 0.91410544  0.37767852  0.14754721]
 [-0.18099089  0.05442915  0.98197748]]
[[ 0.31852913 -0.93029483  0.18190857]
 [ 0.91722715  0.35092205  0.18854194]
 [-0.23923532  0.10679538  0.96507057]]
[[ 0.2959612  -0.9322366   0.20818716]
 [ 0.90521384  0.34331238  0.25044864]
 [-0.30495061  0.11433082  0.94548061]]
[[ 0.31169858 -0.93702616  0.15756261]
 [ 0.93126325  0.334188    0.14514521]
 [-0.18866039  0.10149071  0.97678395]]
[[ 0.29003034 -0.93864134  0.18664094]
 [ 0.92111355  0.32670706  0.21168923]
 [-0.25967718  0.1105212   0.95935021]]
[[ 0.28336707 -0.93957295  0.19210878]
 [ 0.9029352   0.32888511  0.27666334]
 [-0.32312711  0.0950645   0.9415687 ]]
[[ 0.27645407 -0.94526634  0.17333406]
 [ 0.9384843   0.30437809  0.16309871]
 [-0.20693081  0.117582    0.97126418]]
[[ 0.26922304 -0.94594766  0.1808369 ]
 [ 0.92265644  0.30716405  0.23314231]
 [-0.27608701  0.10408305  0.95548034]]
[[ 0.24127799 -0.95118043  0.19245967]
 [ 0.95489509  0.26806577  0.12773453]
 [-0.17309044  0.15295926  0.97295589]]
[[ 0.25244848 -0.95235132  0.17116284]
 [ 0.93774497  0.28440788  0.19936529]
 [-0.23854586  0.11017763  0.96486101]]
[[ 0.24033371 -0.95297325  0.18461227]
 [ 0.92161158  0.28372667  0.2648231 ]
 [-0.30474875  0.10649489  0.94646027]]
[[ 0.24000946 -0.95807289  0.15649855]
 [ 0.95251541  0.26353241  0.15252892]
 [-0.18737626  0.11245889  0.97582946]]
[[ 0.22945023 -0.95840409  0.16974746]
 [ 0.93824393  0.26418911  0.22338857]
 [-0.25894195  0.10800796  0.95983506]]
[[ 0.2092047  -0.95875499  0.19241169]
 [ 0.92334226  0.25846563  0.28396232]
 [-0.3219821   0.11825559  0.93933122]]
[[ 0.22159095 -0.96376189  0.14852769]
 [ 0.95332539  0.2461431   0.17488362]
 [-0.20510523  0.10284259  0.97332176]]
[[ 0.20381702 -0.96387196  0.1714919 ]
 [ 0.93985312  0.24168451  0.24138084]
 [-0.27410716  0.11197968  0.95515748]]
[[ 0.22932331 -0.9673011   0.10834851]
 [ 0.95850866  0.24378793  0.14774504]
 [-0.169328    0.0699716   0.98307274]]
[[ 0.19803869 -0.96793147  0.15456177]
 [ 0.95130497  0.22779819  0.20767001]
 [-0.23621923  0.10590868  0.96591088]]
[[ 0.18117362 -0.96778446  0.17484095]
 [ 0.93590182  0.22427925  0.27163689]
 [-0.30209916  0.11442053  0.94638472]]
[[ 0.19009592 -0.97244811  0.13493784]
 [ 0.96393289  0.21094909  0.16227713]
 [-0.1862711   0.0992228   0.97747527]]
[[ 0.17340434 -0.97209365  0.15800275]
 [ 0.95069669  0.20710638  0.23083055]
 [-0.25711229  0.11018568  0.96007936]]
[[ 0.16937817 -0.97218704  0.161751  ]
 [ 0.9317916   0.21143209  0.29506081]
 [-0.32105365  0.10074136  0.9416877 ]]
[[ 0.15926223 -0.97604669  0.14821745]
 [ 0.96613678  0.1849654   0.17990977]
 [-0.20301543  0.1145455   0.9724526 ]]
[[ 0.15513784 -0.97597764  0.15297027]
 [ 0.94951504  0.19005289  0.24960186]
 [-0.27267828  0.10652488  0.95618984]]
[[ 0.11807053 -0.97677058  0.17882556]
 [ 0.97814559  0.14544     0.14858803]
 [-0.17114481  0.15737357  0.97259602]]
[[ 0.13693209 -0.97962335  0.1469275 ]
 [ 0.96210207  0.16683424  0.21569875]
 [-0.23581607  0.11182317  0.96534261]]
[[ 0.13370346 -0.97955764  0.15030045]
 [ 0.94380504  0.17211562  0.28214935]
 [-0.30225061  0.10412998  0.94752389]]
[[ 0.12093387 -0.98267327  0.14045724]
 [ 0.97518893  0.14404052  0.1681038 ]
 [-0.18542264  0.1166429   0.97571147]]
[[ 0.11955476 -0.98265554  0.14175592]
 [ 0.95899296  0.15125408  0.23969711]
 [-0.25698085  0.107286    0.9604429 ]]
[[ 0.10256103 -0.98146976  0.16185906]
 [ 0.94192817  0.14813076  0.30137783]
 [-0.31976953  0.12154998  0.93966646]]
[[ 0.11128712 -0.98598849  0.12426531]
 [ 0.97254926  0.13376728  0.19040551]
 [-0.20436028  0.09966445  0.97380895]]
[[ 0.09667864 -0.98478459  0.14440411]
 [ 0.95725037  0.13173718  0.25752095]
 [-0.27262606  0.11333411  0.95542159]]
[[ 0.1331001  -0.98851007  0.07163944]
 [ 0.97331233  0.14400303  0.17867914]
 [-0.18694242  0.04594533  0.98129586]]
[[ 0.09197148 -0.98705276  0.13140812]
 [ 0.96655049  0.12022265  0.22655389]
 [-0.23941888  0.10617609  0.96509338]]
[[ 0.08048099 -0.98597348  0.14621596]
 [ 0.94903939  0.12064291  0.29115207]
 [-0.30470813  0.1153325   0.94543713]]
[[ 0.08294977 -0.98968743  0.11678243]
 [ 0.97853462  0.10307253  0.17845462]
 [-0.18865135  0.09947288  0.97699325]]
[[ 0.07181427 -0.98848052  0.13322527]
 [ 0.963167    0.10342937  0.24821705]
 [-0.25913713  0.11049266  0.95949952]]
[[ 0.07521638 -0.98871443  0.12956182]
 [ 0.9434712   0.1126243   0.31173365]
 [-0.32280737  0.09879037  0.94129478]]
[[ 0.05607228 -0.98999507  0.12948228]
 [ 0.97713386  0.08105339  0.19657   ]
 [-0.20509831  0.11549939  0.97190255]]
[[ 0.05883848 -0.99027304  0.12608466]
 [ 0.95980352  0.09084075  0.26556574]
 [-0.27443622  0.10539102  0.95581248]]
[[ 0.01899885 -0.98739089  0.15715682]
 [ 0.98527674  0.04520164  0.16488349]
 [-0.1699082   0.15171037  0.97371206]]
[[ 0.04026231 -0.99153802  0.12341516]
 [ 0.97090401  0.06800368  0.22961033]
 [-0.23606006  0.11057963  0.96542622]]
[[ 0.04097789 -0.99148427  0.12361128]
 [ 0.95233802  0.07618561  0.29537782]
 [-0.30227986  0.10561576  0.94735009]]
[[ 0.024862   -0.99246094  0.12001318]
 [ 0.98244049  0.04646192  0.18069858]
 [-0.18491232  0.11341328  0.97618895]]
[[ 0.02682777 -0.99261728  0.11828442]
 [ 0.96620828  0.05609393  0.25158503]
 [-0.25636268  0.10753792  0.96057991]]
[[ 0.01839486 -0.9913568   0.12989736]
 [ 0.94735968  0.05881653  0.31472251]
 [-0.31964241  0.11727025  0.94025338]]
[[ 0.01650248 -0.99404729  0.10769241]
 [ 0.97908595  0.03790899  0.19988398]
 [-0.20277664  0.10214154  0.97388333]]
[[ 0.00978778 -0.99288437  0.11867953]
 [ 0.96226724  0.04162796  0.26890308]
 [-0.27193005  0.11156946  0.95582755]]
[[ 0.03681033 -0.99759982  0.05864817]
 [ 0.98306364  0.04669239  0.17721652]
 [-0.17952959  0.05113149  0.98242287]]
[[ 0.00431421 -0.994057    0.10877527]
 [ 0.97146861  0.02996053  0.23526817]
 [-0.23712894  0.10465676  0.96582443]]
[[-0.00411356 -0.99258246  0.12150364]
 [ 0.95325493  0.03281938  0.30037965]
 [-0.30213924  0.11705958  0.94604912]]
[[-0.00354299 -0.99535167  0.09624191]
 [ 0.98225225  0.01458461  0.18699679]
 [-0.18753122  0.09519636  0.97763475]]
[[-0.01242125 -0.99370246  0.11136036]
 [ 0.96625484  0.01672779  0.25704427]
 [-0.25728834  0.1107953   0.95996204]]
[[-0.00338326 -0.99474266  0.10235034]
 [ 0.9471176   0.02965388  0.31951354]
 [-0.32086884  0.09801881  0.94203795]]
[[-0.02912576 -0.99318889  0.11281632]
 [ 0.97866107 -0.00536709  0.20541106]
 [-0.20340648  0.11639169  0.97215162]]
[[-0.0207989  -0.99442451  0.10337935]
 [ 0.96189766  0.00829174  0.273284  ]
 [-0.2726175   0.10512436  0.95636215]]
[[-0.07881188 -0.98331575  0.16394763]
 [ 0.97881993 -0.04515897  0.19968029]
 [-0.18894507  0.17621239  0.96604811]]
[[-0.04010285 -0.99379021  0.10379205]
 [ 0.96998361 -0.01378617  0.24277919]
 [-0.23984069  0.11041272  0.96451308]]
[[-0.03507091 -0.99436673  0.10002417]
 [ 0.95147883 -0.00260615  0.30770318]
 [-0.30570912  0.10596231  0.94621029]]
[[-0.05543313 -0.99306016  0.10372413]
 [ 0.98060541 -0.03458799  0.19291632]
 [-0.1879899   0.1124064   0.97571748]]
[[-0.04960346 -0.99394888  0.09800567]
 [ 0.96452354 -0.02219644  0.26306207]
 [-0.25929487  0.10757756  0.95978812]]
[[-0.05649877 -0.99239462  0.10936543]
 [ 0.94520933 -0.01788889  0.32597441]
 [-0.32153882  0.12179038  0.93903136]]
[[-0.05882937 -0.99426128  0.08935105]
 [ 0.976814   -0.03887736  0.21053018]
 [-0.20584827  0.09966472  0.97349547]]
[[-0.0636118  -0.99301529  0.09936889]
 [ 0.95960493 -0.03351787  0.27934732]
 [-0.27406552  0.11312466  0.9550345 ]]
[[-0.04198535 -0.99797447  0.04779326]
 [ 0.9828327  -0.03265209  0.1815867 ]
 [-0.17965834  0.05459676  0.98221285]]
[[-0.06884177 -0.99341414  0.09159235]
 [ 0.96872283 -0.04462482  0.24409977]
 [-0.23840487  0.10553186  0.96541501]]
[[-0.07114863 -0.99262255  0.09817505]
 [ 0.95012804 -0.03748189  0.30959943]
 [-0.30363559  0.11530644  0.94578531]]
[[-0.07805379 -0.99336207  0.084495  ]
 [ 0.97911088 -0.06042032  0.1941424 ]
 [-0.18774848  0.09788353  0.97732764]]
[[-0.08069879 -0.99243659  0.09250582]
 [ 0.96279869 -0.05360194  0.26484999]
 [-0.25788832  0.11043755  0.95984226]]
[[-0.06813515 -0.99439309  0.08087011]
 [ 0.94448893 -0.03817762  0.32631754]
 [-0.32140048  0.09861462  0.9417945 ]]
[[-0.09706896 -0.99051218  0.09727919]
 [ 0.97422844 -0.07456579  0.21288234]
 [-0.20360885  0.11543642  0.97222316]]
[[-0.08552295 -0.99271241  0.08489927]
 [ 0.95822861 -0.05861155  0.27993323]
 [-0.27291712  0.10529363  0.95625807]]
[[-0.14192864 -0.97920675  0.14494968]
 [ 0.97293864 -0.11102334  0.20264311]
 [-0.1823367   0.169788    0.96846547]]
[[-0.10434132 -0.9906529   0.08786198]
 [ 0.96552264 -0.07971565  0.24781332]
 [-0.23849301  0.1106899   0.96481544]]
[[-0.09472851 -0.99230596  0.0797207 ]
 [ 0.94784317 -0.0654222   0.31195073]
 [-0.30433507  0.10511334  0.94674778]]
[[-0.12010337 -0.98847727  0.09212961]
 [ 0.97502157 -0.09998303  0.19833391]
 [-0.18683716  0.11364893  0.97579496]]
[[-0.10963497 -0.99065146  0.08117795]
 [ 0.95989251 -0.08432002  0.26738828]
 [-0.25804367  0.10723721  0.96016334]]
[[-0.11319459 -0.98947389  0.09015772]
 [ 0.94056008 -0.07746895  0.33067399]
 [-0.32020886  0.12222926  0.93942871]]
[[-0.11838144 -0.99009639  0.07546502]
 [ 0.97161548 -0.09982471  0.21447234]
 [-0.20481501  0.09871253  0.97381038]]
[[-0.12008114 -0.98930508  0.08280083]
 [ 0.95457936 -0.09215102  0.28334862]
 [-0.27268805  0.11306479  0.95543581]]
[[-0.09703801 -0.99478728  0.03133509]
 [ 0.97826533 -0.08953502  0.18703054]
 [-0.18325002  0.04880311  0.98185421]]
[[-0.124245   -0.98923807  0.07727371]
 [ 0.9632099  -0.10153871  0.24883041]
 [-0.23830624  0.10534674  0.96545958]]
[[-0.12336097 -0.98901824  0.08139403]
 [ 0.94486611 -0.09199008  0.31427037]
 [-0.30333168  0.11567516  0.9458378 ]]
[[-0.13280124 -0.98847028  0.0727347 ]
 [ 0.97320956 -0.11615028  0.19842446]
 [-0.18768853  0.09713712  0.97741363]]
[[-0.13247704 -0.98812122  0.07788645]
 [ 0.957068   -0.10708212  0.26935897]
 [-0.25781907  0.1102265   0.95988512]]
[[-0.11786173 -0.99089649  0.06505967]
 [ 0.93950173 -0.0900491   0.33049608]
 [-0.32162884  0.10007651  0.94156231]]
[[-0.14788529 -0.98537976  0.08459714]
 [ 0.96780087 -0.12656708  0.21758273]
 [-0.2036944   0.11405047  0.9723688 ]]
[[-0.13419592 -0.98843654  0.07060213]
 [ 0.952583   -0.10903757  0.28407118]
 [-0.27308805  0.10537558  0.95620024]]
[[-0.18706758 -0.97407069  0.12724788]
 [ 0.96670798 -0.15951673  0.20007522]
 [-0.17458924  0.16043913  0.97148231]]
[[-0.15214049 -0.98544813  0.07579745]
 [ 0.95964831 -0.12893573  0.24990139]
 [-0.23649186  0.11075902  0.96529997]]
[[-0.13930818 -0.98811471  0.06498113]
 [ 0.94297932 -0.11234001  0.31332049]
 [-0.3022966   0.10492396  0.94742162]]
[[-0.16734949 -0.98239148  0.08307301]
 [ 0.96842215 -0.14800394  0.20063243]
 [-0.18480445  0.11402547  0.97613806]]
[[-0.15372649 -0.98571374  0.06882283]
 [ 0.95434543 -0.13005951  0.26890392]
 [-0.25611123  0.10701841  0.960705  ]]
[[-0.15306785 -0.98543029  0.0741443 ]
 [ 0.93540601 -0.12028097  0.33248772]
 [-0.31872532  0.1202482   0.94018857]]
[[-0.16227744 -0.98452136  0.06620974]
 [ 0.96565686 -0.14465337  0.21582917]
 [-0.20291096  0.09896009  0.97418378]]
[[-0.16047681 -0.98454129  0.07018292]
 [ 0.94902666 -0.1343631   0.28512271]
 [-0.27128509  0.11236104  0.95591809]]
[[-0.12872343 -0.9916265   0.01035223]
 [ 0.97198777 -0.12409033  0.19960304]
 [-0.19664705  0.03575582  0.97982216]]
[[-0.16322609 -0.98428711  0.06735082]
 [ 0.95686126 -0.14130685  0.25386789]
 [-0.24036176  0.10588326  0.96489116]]
[[-0.15907081 -0.98488263  0.06857609]
 [ 0.93888831 -0.12943336  0.31896041]
 [-0.30526253  0.11512258  0.94528386]]
[[-0.17219651 -0.98281321  0.06653234]
 [ 0.96675518 -0.15564932  0.20287362]
 [-0.18903116  0.09925461  0.97694204]]
[[-0.16813415 -0.9834243   0.06787893]
 [ 0.95106912 -0.14372354  0.27351612]
 [-0.2592266   0.11054495  0.95946932]]
[[-0.14955633 -0.98741477  0.05142923]
 [ 0.93473321 -0.12423674  0.33292501]
 [-0.32234567  0.09786366  0.94154977]]
[[-0.18331079 -0.97998606  0.0776175 ]
 [ 0.96150044 -0.16228868  0.22176402]
 [-0.20472921  0.115281    0.9720063 ]]
[[-0.16647864 -0.98418716  0.06050198]
 [ 0.94723856 -0.14258125  0.28707088]
 [-0.27390503  0.10510097  0.95599677]]
[[-0.22104682 -0.96762473  0.12182232]
 [ 0.95911838 -0.19305043  0.20693829]
 [-0.17672076  0.16258508  0.97073985]]
[[-0.18348035 -0.98071846  0.06727752]
 [ 0.95394628 -0.16111302  0.2530397 ]
 [-0.23732142  0.11060695  0.9651138 ]]
[[-0.16866869 -0.98412893  0.05514637]
 [ 0.93790658 -0.14303805  0.31602432]
 [-0.30312064  0.10502556  0.94714704]]
[[-0.19775514 -0.97728202  0.07624145]
 [ 0.96257432 -0.1788966   0.20358461]
 [-0.18532024  0.11364797  0.97608429]]
[[-0.18235505 -0.98135136  0.06079588]
 [ 0.94920125 -0.15957952  0.27120353]
 [-0.25644418  0.10716286  0.96060008]]
[[-0.1785918  -0.9818655   0.06360125]
 [ 0.93073821 -0.1476204   0.3345663 ]
 [-0.31911027  0.11894691  0.94022352]]
[[-0.1905433  -0.97979313  0.06081669]
 [ 0.96053944 -0.17329474  0.21756131]
 [-0.20262587  0.09987168  0.97415009]]
[[-0.18585894 -0.9806107   0.06212167]
 [ 0.94438835 -0.16082346  0.28682129]
 [-0.27126941  0.11197528  0.9559678 ]]
[[-0.15830332 -0.98735611  0.00824441]
 [ 0.96855177 -0.15365433  0.1956983 ]
 [-0.19195712  0.03896483  0.98062949]]
[[-0.18780003 -0.98036896  0.06006539]
 [ 0.95254398 -0.16687188  0.25458544]
 [-0.23956444  0.10502607  0.96518309]]
[[-0.18306692 -0.98116419  0.0616712 ]
 [ 0.93481442 -0.1543142   0.31985799]
 [-0.30431646  0.11620654  0.94545626]]
[[-0.19494801 -0.97902414  0.05922002]
 [ 0.96247946 -0.17933517  0.20364723]
 [-0.18875532  0.09669868  0.97725165]]
[[-0.19058826 -0.97975547  0.06128073]
 [ 0.94707293 -0.16708603  0.27410788]
 [-0.25831954  0.11027907  0.95974452]]
[[-0.17193149 -0.98403162  0.04605789]
 [ 0.93115219 -0.14707558  0.33365309]
 [-0.3215512   0.10025237  0.94157012]]
[[-0.20425879 -0.97626661  0.07198511]
 [ 0.9576181  -0.18401761  0.2215967 ]
 [-0.20309093  0.11419731  0.97247779]]
[[-0.18687346 -0.98081392  0.05551902]
 [ 0.94392771 -0.16361352  0.28675966]
 [-0.2721742   0.10599371  0.95639246]]
[[-0.2445362  -0.96170132  0.12382493]
 [ 0.9525444  -0.21438375  0.21609899]
 [-0.18127664  0.17079277  0.9684878 ]]
[[-0.2025964  -0.97724129  0.0628821 ]
 [ 0.95011473 -0.18061017  0.25428719]
 [-0.23714279  0.11126288  0.96508231]]
[[-0.18534908 -0.9814779   0.04844435]
 [ 0.934811   -0.16090918  0.31660168]
 [-0.30294241  0.10396815  0.94732071]]
[[-0.21683387 -0.97338169  0.0742372 ]
 [ 0.95838802 -0.19779507  0.20583857]
 [-0.18567575  0.11578081  0.97576602]]
[[-0.19867927 -0.97848539  0.05561375]
 [ 0.94583063 -0.1765636   0.2724513 ]
 [-0.25677025  0.10673162  0.96056098]]
[[-0.19679261 -0.97849059  0.06187764]
 [ 0.92725252 -0.16523952  0.33600397]
 [-0.31855209  0.12349929  0.93982578]]
[[-0.20442628 -0.97736166  0.05453512]
 [ 0.95738971 -0.18801719  0.21921331]
 [-0.20399714  0.09702433  0.97415165]]
[[-0.20110937 -0.97778807  0.05903816]
 [ 0.94117852 -0.17616904  0.28835303]
 [-0.27154746  0.11355594  0.95570237]]
[[-1.67731348e-01 -9.85832731e-01 -1.42962547e-04]
 [ 9.65077033e-01 -1.64229534e-01  2.04095520e-01]
 [-2.01227523e-01  3.40952469e-02  9.78950968e-01]]
[[-0.20138161 -0.9777889   0.05808891]
 [ 0.94927564 -0.18020022  0.25768905]
 [-0.24149785  0.10703622  0.96448019]]
[[-0.1917965  -0.97990615  0.05475442]
 [ 0.93235952 -0.16450114  0.32193959]
 [-0.30646342  0.11279769  0.94517557]]
[[-0.20947711 -0.97587398  0.06155748]
 [ 0.95934803 -0.19293679  0.20597755]
 [-0.18913143  0.10220263  0.97661862]]
[[-0.20007846 -0.97809969  0.0573551 ]
 [ 0.94472888 -0.17707233  0.27592162]
 [-0.25972284  0.109391    0.95946738]]
[[-0.18409002 -0.98180959  0.04648428]
 [ 0.92820894 -0.15809387  0.33680036]
 [-0.32332494  0.10514871  0.94042795]]
[[-0.21137829 -0.97515869  0.06621742]
 [ 0.95579937 -0.19206524  0.2226174 ]
 [-0.20436923  0.11034705  0.97265449]]
[[-0.19613015 -0.97909346  0.05393479]
 [ 0.94161357 -0.17270061  0.28903006]
 [-0.27367287  0.10747324  0.95579949]]
[[-0.23774363 -0.96637827  0.09793369]
 [ 0.95766384 -0.21635257  0.18992506]
 [-0.16235125  0.13894103  0.97690197]]
[[-0.20943828 -0.9758969   0.06132578]
 [ 0.94967418 -0.18806923  0.25049733]
 [-0.23292608  0.11070324  0.96617298]]
[[-0.19280566 -0.98002381  0.04877807]
 [ 0.93452501 -0.16824489  0.31361866]
 [-0.29914709  0.10605178  0.94829533]]
[[-0.22150572 -0.97250327  0.07192086]
 [ 0.95808715 -0.2032951   0.20184183]
 [-0.18167068  0.11361558  0.97677391]]
[[-0.20385506 -0.97744305  0.05521041]
 [ 0.94571988 -0.18203225  0.2692177 ]
 [-0.25309489  0.10709497  0.96149552]]
[[-0.1958678  -0.97908754  0.0549853 ]
 [ 0.92816819 -0.16700335  0.33258637]
 [-0.31644844  0.11617857  0.94146849]]
[[-0.21038395 -0.97590259  0.05790283]
 [ 0.95708931 -0.19353021  0.21569913]
 [-0.19929539  0.10079781  0.97474158]]
[[-0.20216017 -0.97772835  0.05637854]
 [ 0.94189675 -0.17833768  0.28465098]
 [-0.26825692  0.11064785  0.95697193]]
[[-0.14555988 -0.98920077 -0.01715113]
 [ 0.95113837 -0.14468835  0.27276563]
 [-0.27230154  0.02339063  0.96192762]]
[[-0.20980539 -0.9751876   0.07064583]
 [ 0.94754375 -0.18497469  0.26066302]
 [-0.24112765  0.12162852  0.96284161]]
[[-0.1733634  -0.9843668   0.03109877]
 [ 0.9381638  -0.15545384  0.30932634]
 [-0.29965616  0.08280161  0.95044731]]
[[-0.22862802 -0.96888712  0.09479965]
 [ 0.95261038 -0.2025844   0.22692072]
 [-0.20065564  0.14218757  0.9692884 ]]
[[-0.19131229 -0.98033658  0.04837136]
 [ 0.94593474 -0.17099923  0.27562064]
 [-0.26192953  0.09848576  0.96004868]]
[[-0.23264595 -0.96662145  0.10732584]
 [ 0.92980809 -0.18870089  0.31598877]
 [-0.28518904  0.17330594  0.94267294]]
[[-0.1872144  -0.98163776  0.03657968]
 [ 0.95397965 -0.17280718  0.24507247]
 [-0.23425116  0.08077737  0.96881444]]
[[-0.21270413 -0.97382866  0.08009178]
 [ 0.93616203 -0.17962112  0.30221997]
 [-0.27992429  0.13926231  0.94986757]]
[[-0.17144782 -0.9850942   0.01396619]
 [ 0.9601496  -0.16389682  0.22638592]
 [-0.22072244  0.052223    0.97393756]]
[[-0.20650392 -0.97576226  0.0724164 ]
 [ 0.94417616 -0.17930846  0.27636905]
 [-0.25668562  0.12544513  0.95831937]]
[[-0.15242946 -0.98829673  0.0059025 ]
 [ 0.94611321 -0.14419153  0.2899631 ]
 [-0.28571849  0.04978335  0.95701962]]
[[-0.21796512 -0.97172468  0.09078735]
 [ 0.94806719 -0.18873885  0.25602003]
 [-0.23164588  0.14187594  0.96239877]]
[[-0.16962776 -0.98503277  0.03060826]
 [ 0.94583161 -0.15399602  0.28581076]
 [-0.27681941  0.07743169  0.95779713]]
[[-0.23374758 -0.96560616  0.11387192]
 [ 0.94568393 -0.19857105  0.25739357]
 [-0.22592914  0.16785197  0.95957373]]
[[-0.18042972 -0.98271885  0.0413373 ]
 [ 0.94946596 -0.16304277  0.2682004 ]
 [-0.25682584  0.08763968  0.96247586]]
[[-0.22449494 -0.96878223  0.10518084]
 [ 0.93457932 -0.18347796  0.30479064]
 [-0.27597739  0.1667238   0.94659371]]
[[-0.17442554 -0.98420535  0.03025833]
 [ 0.95565636 -0.16180137  0.24605128]
 [-0.23726915  0.0718342   0.96878439]]
[[-0.20943099 -0.97400453  0.08633555]
 [ 0.93929493 -0.17585267  0.29461988]
 [-0.27177877  0.14279708  0.95170652]]
[[-0.15816344 -0.98735006  0.01114382]
 [ 0.95850717 -0.15081278  0.24190808]
 [-0.23716733  0.04894245  0.97023518]]
[[-0.20383462 -0.97559292  0.08166948]
 [ 0.94504745 -0.17429802  0.27659629]
 [-0.25561055  0.13356143  0.95750958]]
[[-0.14740246 -0.98903062  0.00953686]
 [ 0.95046128 -0.1389731   0.27804644]
 [-0.27367108  0.05004915  0.96052029]]
[[-0.21085362 -0.97287595  0.09514792]
 [ 0.9479525  -0.17974746  0.26282488]
 [-0.23859341  0.14561328  0.96014059]]
[[-0.1579888  -0.98704193  0.02806721]
 [ 0.94897625 -0.14391707  0.28059215]
 [-0.27291686  0.07096553  0.95941664]]
[[-0.22097868 -0.96883177  0.11195282]
 [ 0.9463432  -0.18525103  0.26479541]
 [-0.23580283  0.16445993  0.95778388]]
[[-0.16552567 -0.98550133  0.03726108]
 [ 0.95167123 -0.14970456  0.26816117]
 [-0.25869504  0.07984786  0.96265321]]
[[-0.21713686 -0.96989069  0.11028885]
 [ 0.94013273 -0.17738344  0.29100784]
 [-0.26268238  0.16687469  0.95034247]]
[[-0.16148129 -0.98638943  0.03097896]
 [ 0.95575804 -0.14849184  0.25392269]
 [-0.24586654  0.07061215  0.96672828]]
[[-0.2045531  -0.97412407  0.09612666]
 [ 0.94150994 -0.16893101  0.29158422]
 [-0.26780043  0.15014866  0.95170285]]
[[-0.14999559 -0.98851515  0.01841545]
 [ 0.95822152 -0.14076028  0.2489941 ]
 [-0.24354228  0.0549941   0.96832991]]
[[-0.19776312 -0.9760515   0.09062685]
 [ 0.94576929 -0.16568426  0.27940861]
 [-0.25770175  0.14096881  0.95588577]]
[[-0.14009822 -0.99003207  0.01445671]
 [ 0.95466502 -0.13119154  0.26721429]
 [-0.26265411  0.05123756  0.96352869]]
[[-0.1994373  -0.97503749  0.09760463]
 [ 0.94849134 -0.16706226  0.26917352]
 [-0.24614822  0.14626038  0.95813306]]
[[-0.14342964 -0.98933255  0.02547643]
 [ 0.95239631 -0.13098577  0.27528892]
 [-0.26901524  0.06374825  0.96102391]]
[[-0.20491374 -0.97268257  0.10908242]
 [ 0.94858835 -0.16988879  0.2670542 ]
 [-0.24122709  0.15819739  0.9574879 ]]
[[-0.1485845  -0.98829418  0.03460141]
 [ 0.95368678 -0.13395191  0.26932954]
 [-0.2615419   0.0730171   0.96242628]]
[[-0.2049966  -0.97217469  0.11337001]
 [ 0.94548418 -0.16674652  0.27974143]
 [-0.25305349  0.16453559  0.95335826]]
[[-0.14740295 -0.98848498  0.03420256]
 [ 0.9563785  -0.13362669  0.25977696]
 [-0.25221525  0.07100249  0.96506275]]
[[-0.19648406 -0.97475774  0.10602529]
 [ 0.9446677  -0.15922392  0.28679381]
 [-0.26267272  0.15650908  0.95210711]]
[[-0.13976264 -0.9898171   0.02699087]
 [ 0.95880869 -0.1284761   0.25333729]
 [-0.2472899   0.06128617  0.9670014 ]]
[[-0.18842674 -0.97702019  0.09963388]
 [ 0.94733298 -0.15407085  0.28075327]
 [-0.25895094  0.14728788  0.95459452]]
[[-0.13048952 -0.99121264  0.02167906]
 [ 0.95810124 -0.12044676  0.25987418]
 [-0.2549794   0.05468159  0.9653991 ]]
[[-0.18577192 -0.97733252  0.10153784]
 [ 0.94994061 -0.15221903  0.272841  ]
 [-0.25120039  0.14714111  0.95668587]]
[[-0.12812296 -0.99140051  0.02663704]
 [ 0.95593913 -0.11629794  0.26954622]
 [-0.26413043  0.05999845  0.96261898]]
[[-0.18753237 -0.9761705   0.10919145]
 [ 0.95093366 -0.15257705  0.26915686]
 [-0.24608287  0.15430945  0.95688652]]
[[-0.13012049 -0.99091951  0.0338701 ]
 [ 0.95632382 -0.11641288  0.2681283 ]
 [-0.26175065  0.06727977  0.96278763]]
[[-0.18746028 -0.97562858  0.11405052]
 [ 0.94990683 -0.15049793  0.27391129]
 [-0.25007132  0.15968485  0.95496863]]
[[-0.12933069 -0.99093746  0.03628385]
 [ 0.95804673 -0.11543227  0.26233921]
 [-0.25577342  0.06869014  0.96429333]]
[[-0.18226894 -0.97678584  0.11254982]
 [ 0.94887427 -0.14473843  0.28051453]
 [-0.25771233  0.15792472  0.95322827]]
[[-0.12406953 -0.99170779  0.03350241]
 [ 0.95982119 -0.11137921  0.25756154]
 [-0.25169432  0.06411186  0.96568092]]
[[-0.17522219 -0.97855089  0.10832973]
 [ 0.94985462 -0.13908006  0.28005881]
 [-0.25898529  0.15197001  0.953851  ]]
[[-0.11664976 -0.99274488  0.0291623 ]
 [ 0.96026026 -0.10523905  0.25850528]
 [-0.25356078  0.05815798  0.96556956]]
[[-0.1704347  -0.97955113  0.10691865]
 [ 0.95198372 -0.1356829   0.2744397 ]
 [-0.25432069  0.14855887  0.9556418 ]]
[[-0.11161673 -0.99331707  0.02937527]
 [ 0.95904729 -0.09992811  0.26503335]
 [-0.26032673  0.05775443  0.96379169]]
[[-0.16934614 -0.97932805  0.11062759]
 [ 0.95350207 -0.13440791  0.26975604]
 [-0.24931043  0.15116578  0.95655278]]
[[-0.11119503 -0.99317806  0.03511421]
 [ 0.9584076  -0.09782286  0.26811484]
 [-0.26285081  0.06346676  0.96274681]]
[[-0.16967502 -0.97856613  0.11669926]
 [ 0.95360063 -0.13314313  0.27003471]
 [-0.24870911  0.15710264  0.95575234]]
[[-0.11122892 -0.99299676  0.03981917]
 [ 0.95944276 -0.09685423  0.26474299]
 [-0.25903228  0.06765129  0.96349654]]
[[-0.16681027 -0.97883871  0.11852898]
 [ 0.95273162 -0.12905621  0.27503993]
 [-0.25392283  0.15880579  0.95409849]]
[[-0.10781388 -0.99338256  0.03958862]
 [ 0.96109422 -0.09395793  0.2597495 ]
 [-0.25431096  0.066053    0.96486421]]
[[-0.16045108 -0.98024138  0.11568186]
 [ 0.95278323 -0.12320383  0.27753365]
 [-0.25779751  0.15475031  0.95372574]]
[[-0.10137645 -0.99417552  0.03657671]
 [ 0.96207012 -0.0886102   0.25801029]
 [-0.25326645  0.06134553  0.96544955]]
[[-0.15481047 -0.98133476  0.11408687]
 [ 0.95441425 -0.11872589  0.27385691]
 [-0.25520024  0.15128205  0.95497988]]
[[-0.09551692 -0.99478538  0.03575695]
 [ 0.9616496  -0.08293797  0.26144089]
 [-0.25711197  0.05935768  0.96455694]]
[[-0.15164871 -0.98163721  0.11571977]
 [ 0.95581805 -0.11580939  0.27018519]
 [-0.2518224   0.15158028  0.95582891]]
[[-0.09256317 -0.99495572  0.03866748]
 [ 0.96108519 -0.0791258   0.26467787]
 [-0.26028316  0.06166217  0.96356134]]
[[-0.15012517 -0.98142907  0.11941283]
 [ 0.95652039 -0.11363136  0.26861992]
 [-0.25006235  0.15454741  0.95581584]]
[[-0.09112422 -0.99493723  0.04238269]
 [ 0.96136713 -0.07678907  0.26434196]
 [-0.25974913  0.06483328  0.96349729]]
[[-0.14802442 -0.98138866  0.12233184]
 [ 0.95623982 -0.11045901  0.2709321 ]
 [-0.25237704  0.15708315  0.95479355]]
[[-0.08852991 -0.99511769  0.04362603]
 [ 0.96237007 -0.0741555   0.26142842]
 [-0.25691694  0.06512862  0.96423646]]
[[-0.14357987 -0.98213357  0.12164895]
 [ 0.95612544 -0.10594745  0.27312868]
 [-0.25536045  0.15552744  0.95425482]]
[[-0.08380801 -0.99559262  0.04208991]
 [ 0.963296   -0.0701348   0.25911759]
 [-0.25502359  0.06226117  0.96492824]]
[[-0.13834117 -0.9830578   0.12024594]
 [ 0.95695577 -0.10140439  0.27194265]
 [-0.25514188  0.15269091  0.95477123]]
[[-0.07860787 -0.99603863  0.0415675 ]
 [ 0.96337059 -0.06517359  0.26013362]
 [-0.25639403  0.06049346  0.96467748]]
[[-0.13426262 -0.98352019  0.12108504]
 [ 0.95800093 -0.09758102  0.26965192]
 [-0.2533925   0.15220375  0.95531474]]
[[-0.07473557 -0.99624781  0.04364501]
 [ 0.96307683 -0.06075679  0.26228157]
 [-0.25864571  0.06163526  0.96400388]]
[[-0.13152389 -0.98352736  0.12399757]
 [ 0.95874888 -0.09440741  0.26811905]
 [-0.25199613  0.15414659  0.95537259]]
[[-0.07189168 -0.99634038  0.04623247]
 [ 0.96321531 -0.05731874  0.26254682]
 [-0.25893601  0.06340675  0.96381104]]
[[-0.12853344 -0.98367637  0.12593627]
 [ 0.95898854 -0.09093754  0.26846108]
 [-0.25262648  0.15527767  0.95502288]]
[[-0.06865685 -0.99651444  0.04738359]
 [ 0.96382598 -0.05399405  0.26100597]
 [-0.25753779  0.06358939  0.96417357]]
[[-0.12459566 -0.98411085  0.12649801]
 [ 0.9593277  -0.08693517  0.2685752 ]
 [-0.25331065  0.15481635  0.95491655]]
[[-0.06465304 -0.99675535  0.04794545]
 [ 0.96432088 -0.0500446   0.25996304]
 [-0.25672014  0.0630422   0.96442752]]
[[-0.12031667 -0.98456135  0.12713321]
 [ 0.95981846 -0.08266512  0.26816974]
 [-0.25352008  0.15429009  0.95494614]]
[[-0.06031943 -0.99699148  0.04867815]
 [ 0.96462346 -0.04568403  0.25964311]
 [-0.25663815  0.06261761  0.96447701]]
[[-0.1160675  -0.98495011  0.1280688 ]
 [ 0.96044023 -0.07843474  0.26721259]
 [-0.25314602  0.15401712  0.95508943]]
[[-0.05608432 -0.99717662  0.04993332]
 [ 0.96473207 -0.04124096  0.25998311]
 [-0.25718978  0.06275326  0.96432124]]
[[-0.11197136 -0.98527715  0.12919504]
 [ 0.96082995 -0.07417903  0.26702675]
 [-0.2535118   0.15403381  0.95498971]]
[[-0.05186885 -0.99735525  0.05091294]
 [ 0.96496123 -0.03692282  0.25978171]
 [-0.25721481  0.06260359  0.96432429]]
[[-0.10782535 -0.98561195  0.13016443]
 [ 0.96128801 -0.06996721  0.26651445]
 [-0.25357258  0.15386253  0.95500119]]
[[-0.04763553 -0.99751719  0.05186822]
 [ 0.96513075 -0.03258356  0.25973245]
 [-0.25739753  0.06243211  0.96428665]]
[[-0.10378086 -0.98588931  0.1313461 ]
 [ 0.96182608 -0.06586057  0.26561811]
